UPDATE [dbo].[PlayerGradings]
SET StaminaGrade = 'A+'
WHERE PlayerId IN
(18,75,134,124,186,226,347,111,137,7,16,163,198,278,279,453,38,180,263,273,452)

UPDATE [dbo].[PlayerGradings]
SET StaminaGrade = 'A'
WHERE PlayerId IN
(21,
116,
123,
129,
219,
332,
404,
410,
430,
4,
42,
161,
230,
246,
349,
425,
86,
178,
233,
367,
480,
213,
255,
289)

UPDATE [dbo].[PlayerGradings]
SET StaminaGrade = 'A-'
WHERE PlayerId IN
(100,
159,
209,
254,
266,
299,
308,
376,
53,
172,
212,
216,
312,
334,
402,
450,
63,
72,
102,
130,
217,
238,
379,
418,
464,
60,
84,
171,
199,
205,
277,
283,
287,
330,
448,
46,
133,
160,
276,
431,
61,
90,
147,
196,
339,
350,
377,
460,
81,
105,
151,
194,
298,
435,
438,
461,
32,
88,
89,
145,
301,
69,
202,
204,
346,
451,
15,
132,
208,
268,
274,
284)

UPDATE [dbo].[PlayerGradings]
SET StaminaGrade = 'B+'
WHERE PlayerId IN
(164,
177,
222,
235,
240,
395,
33,
59,
73,
141,
155,
221,
352,
368,
442,
479,
34,
36,
415,
443,
459,
25,
51,
142,
203,
218,
231,
245,
9,
201,
249,
297,
316,
378,
389,
392,
403,
414,
56,
275,
387,
11,
98,
292,
363,
44,
74,
125,
265,
344,
383,
468,
17,
96,
355,
429,
469,
478,
85,
118,
175,
187,
252,
416,
432,
454,
467)

UPDATE [dbo].[PlayerGradings]
SET StaminaGrade = 'B'
WHERE PlayerId IN
(348,
10,
39,
131,
185,
373,
465,
14,
106,
165,
413,
428,
473,
52,
143,
251,
382,
445,
176,
315,
58,
65,
320,
328,
408,
128,
173,
200,
206,
305,
327,
471,
24,
108,
112,
157,
190,
281,
434,
37,
78,
82,
150,
156,
192,
215,
236,
260,
286,
294,
336,
340,
374,
13,
62,
302,
351,
362,
371,
420,
436)

UPDATE [dbo].[PlayerGradings]
SET StaminaGrade = 'B-'
WHERE PlayerId IN
(79,
248,
253,
307,
313,
317,
358,
394,
440,
456,
20,
30,
31,
70,
139,
237,
370,
386,
411,
475,
3,
87,
168,
354,
356,
29,
122,
149,
466,
481,
5,
23,
182,
256,
303,
337,
343,
385,
8,
26,
80,
99,
140,
381,
48,
107,
181,
271,
282,
304,
405,
422,
50,
162,
179,
293,
296,
318,
319,
331,
441,
476,
43,
113,
117,
184,
189,
306,
359,
482,
2,
158,
170,
285,
477)

UPDATE [dbo].[PlayerGradings]
SET StaminaGrade = 'C+'
WHERE PlayerId IN
(93,
154,
195,
280,
290,
401,
444,
446,
41,
49,
126,
138,
247,
433,
1,
27,
127,
144,
259,
270,
384,
474,
45,
121,
261,
295,
335,
375,
455,
197,
214,
232,
243,
361,
365,
407)

UPDATE [dbo].[PlayerGradings]
SET StaminaGrade = 'C'
WHERE PlayerId IN
(223,
234,
242,
314,
417,
472,
57,
83,
115,
193,
228,
342,
419,
148,
153,
325,
380,
388,
77,
120,
169,
262,
288,
291,
393,
437,
12,
188,
225,
333,
364,
369,
372,
396,
439,
28,
35,
40,
55,
71,
166,
174,
300,
322,
338,
397,
66,
68,
95,
136,
183,
239,
269,
400,
447,
67,
267,
345,
357,
398,
421,
423,
426)


UPDATE [dbo].[PlayerGradings]
SET StaminaGrade = 'C-'
WHERE PlayerId IN
(97,
152,
207,
210,
229,
244,
321,
427,
47,
76,
94,
324,
406,
6,
114,
167,
227,
250,
311,
366,
22,
64,
92,
101,
104,
110,
119,
457)


UPDATE [dbo].[PlayerGradings]
SET StaminaGrade = 'D'
WHERE PlayerId IN
(91,
109,
135,
329,
341,
391,
424,
19,
146,
191,
326,
412,
470,
54,
103,
224,
241,
409,
449,
462,
258,
458)


UPDATE [dbo].[PlayerGradings]
SET StaminaGrade = 'F'
WHERE PlayerId IN
(211,
309,
360,
390,
257,
264,
310,
463,
220,
323,
353,
272,
399)